              precision    recall  f1-score   support

           0     0.9675    0.9669    0.9672       581
           1     0.9498    0.9481    0.9489       695
           2     0.8701    0.8654    0.8677       159
           3     0.9361    0.9355    0.9358       275
           4     0.9316    0.9321    0.9318       224
           5     0.8224    0.8431    0.8326        66

    accuracy                         0.9401      2000
   macro avg     0.9129    0.9152    0.9140      2000
weighted avg     0.9405    0.9400    0.9402      2000

Accuracy    ----  0.9401
Precision   ----  0.9405
Recall      ----  0.9400
F1-score    ----  0.9402
