              precision    recall  f1-score   support

           0     0.9641    0.9640    0.9640       581
           1     0.9684    0.9581    0.9632       695
           2     0.9255    0.9102    0.9178       159
           3     0.9461    0.9424    0.9442       275
           4     0.9319    0.9351    0.9335       224
           5     0.8825    0.9021    0.8922        66

    accuracy                         0.9567      2000
   macro avg     0.9364    0.9353    0.9358      2000
weighted avg     0.9538    0.9494    0.9516      2000

Accuracy    ----  0.9567
Precision   ----  0.9538
Recall      ----  0.9494
F1-score    ----  0.9516
