              precision    recall  f1-score   support

           0     0.9651    0.9518    0.9584       581
           1     0.9610    0.9223    0.9413       695
           2     0.7889    0.8931    0.8378       159
           3     0.9176    0.9309    0.9242       275
           4     0.8594    0.9554    0.9049       224
           5     0.8269    0.6515    0.7288        66

    accuracy                         0.9245      2000
   macro avg     0.8865    0.8842    0.8825      2000
weighted avg     0.9267    0.9245    0.9246      2000

Accuracy    ----  0.9245
Precision   ----  0.9267
Recall      ----  0.9245
F1-score    ----  0.9246
