              precision    recall  f1-score   support

           0     0.8487    0.8399    0.8443       581
           1     0.8799    0.8647    0.8723       695
           2     0.6053    0.5786    0.5916       159
           3     0.7897    0.7782    0.7839       275
           4     0.7034    0.8259    0.7598       224
           5     0.5536    0.4697    0.5082        66

    accuracy                         0.8055      2000
   macro avg     0.7301    0.7262    0.7267      2000
weighted avg     0.8061    0.8055    0.8051      2000

Accuracy    ----  0.8055
Precision   ----  0.8061
Recall      ----  0.8055
F1-score    ----  0.8051
