              precision    recall  f1-score   support

           0     0.9672    0.9639    0.9655       581
           1     0.9481    0.9468    0.9474       695
           2     0.8397    0.8239    0.8317       159
           3     0.9273    0.9273    0.9273       275
           4     0.9091    0.8929    0.9009       224
           5     0.7237    0.8333    0.7746        66

    accuracy                         0.9295      2000
   macro avg     0.8859    0.8980    0.8913      2000
weighted avg     0.9304    0.9295    0.9298      2000

Accuracy    ----  0.9295
Precision   ----  0.9304
Recall      ----  0.9295
F1-score    ----  0.9298
